448990,1120,
451656,3112,
452097,3203,
446175,3128,
451522,3124,
445706,3311,
443545,3130,
448342,1062,
433335,3201,
437285,3314,
438809,1004,
439484,3107,
437285,3315,
450893,3119,
451429,3203,
439434,3605,
439681,3314,
450893,3121,
442319,3408,
436920,3306,
438809,2,
433259,3122,
425699,3315,
449315,1136,
422824,3125,
440224,3418,
427963,3315,
447222,3306,
442933,3809,
425453,3119,
439929,3125,
438020,3106,
447157,3105,
438020,3115,
444565,599,
448346,1034,
451866,3201,
424378,3200,
438372,3107,
451961,3100,
438372,3108,
437920,3129,
441671,3100,
441783,3318,
430447,165,
448565,3201,
451723,3301,
438001,3301,
435503,3304,
433477,3125,
440558,3603,
440332,3201,
452151,3502,
428084,3107,
452161,3403,
424120,3129,
451638,3301,
447417,167,
436986,3119,
439598,3306,
419513,3201,
449535,3304,
439484,3112,
450981,3103,
452151,3509,
433109,3302,
450981,3101,
438378,3521,
449316,1136,
450981,3100,
449130,12,
004157,3426,
451191,3317,
437920,3130,
449970,3315,
430716,3107,
447875,81,
438371,3112,
438474,3413,
447344,3405,
442071,3606,
449970,3311,
438001,3307,
448239,3402,
448049,3123,
451658,3113,
424568,3514,
435653,3126,
448221,3100,
004234,3521,
445728,3112,
422058,3310,
422058,3311,
428297,3605,
433340,3130,
430441,3605,
433474,3123,
452362,3606,
430441,3606,
433257,3114,
433474,3121,
438546,142,
433456,3306,
433105,3306,
433474,3127,
422059,3307,
422058,3317,
451658,3111,
428297,3606,
442683,1085,
451628,3412,
442951,3602,
449450,1091,
425757,3605,
450981,3114,
427193,3519,
450981,3112,
411240,173,
449532,3306,
449532,3307,
449116,3106,
449532,3308,
451961,3105,
428505,3310,
449532,3302,
428628,3412,
417127,3129,
432781,3310,
432215,1106,
417127,3128,
446043,3123,
438372,3128,
446893,3822,
451602,3201,
442935,67,
451877,3115,
427820,3407,
427820,3406,
448239,3410,
451611,3117,
450981,3115,
004273,3128,
443162,3805,
433456,3317,
004273,3129,
435872,3103,
446043,3124,
433456,3316,
432781,3309,
447157,3114,
440386,3117,
446907,3302,
440735,158,
440585,3307,
437780,3604,
430716,3124,
420726,3611,
449229,3315,
432884,3603,
438372,3120,
437924,3112,
434436,3315,
438372,3123,
449771,3107,
447544,3605,
449533,3304,
449799,1128,
443306,3305,
447563,3413,
434788,3307,
447563,3412,
450539,1002,
451099,3407,
446286,3301,
421620,3130,
451611,3122,
451745,3112,
436053,3603,
448124,3201,
451527,3116,
451879,3106,
448005,0035,
441844,3605,
435318,3427,
451745,3119,
451726,3308,
431910,3110,
422913,3119,
431901,3201,
440543,3302,
440305,3504,
448568,3605,
449092,3719,
435623,3409,
448550,3302,
446056,3425,
422582,3303,
444938,3805,
433388,3117,
446086,3123,
448113,3316,
451879,3101,
442975,3428,
439573,3107,
443274,3606,
446827,3201,
451099,3416,
449359,3314,
450934,3605,
449359,3313,
438373,3121,
437125,173,
432037,3303,
429351,3303,
449359,3318,
447020,3107,
429122,3418,
449359,3316,
447020,3101,
447266,3305,
421620,3128,
451074,1007,
004277,3120,
427058,3602,
433474,3119,
451831,3111,
446086,3110,
451830,3120,
433340,3129,
438672,187,
433340,3128,
004216,3712,
429151,3110,
421620,3122,
424427,3606,
441710,3602,
004236,3514,
451706,3517,
443950,3417,
433388,3123,
426505,3309,
437025,3303,
440421,3201,
439789,3605,
433388,3127,
442987,3303,
429098,1097,
448303,3605,
433474,3114,
450915,3803,
419547,3302,
449797,3302,
439356,3103,
440664,3427,
425407,3606,
428171,3121,
432035,3312,
438326,3603,
429265,3308,
439468,3311,
449520,3418,
451196,3307,
423751,3605,
434652,3312,
427391,3304,
449465,3119,
421600,3318,
430844,3117,
445989,3125,
425183,3602,
438111,3107,
451614,3115,
452178,3307,
429471,3410,
438158,3117,
451613,3128,
451614,3119,
439173,157,
444610,3119,
428015,3807,
430485,3606,
451879,3120,
418219,3308,
448224,3512,
451924,3521,
443272,3606,
448433,3603,
428084,3119,
450803,3603,
417476,3103,
437348,108,
451197,3302,
430351,3606,
443084,3301,
450832,3317,
445079,3407,
425402,3203,
450803,3605,
449376,3121,
440558,3606,
428034,3611,
004221,3203,
449576,1126,
450529,3310,
443195,3520,
443659,3312,
447020,3123,
445988,3127,
447020,3122,
449631,3601,
449793,1135,
433101,3317,
438026,3119,
448216,3602,
450273,3606,
449154,104,
449982,0108,
447877,37,
448004,0035,
451804,3406,
436050,3605,
451701,3107,
437681,3301,
426523,3107,
446836,3118,
451879,3130,
437681,3305,
448482,3122,
451824,3201,
435762,3315,
443186,3605,
440511,3606,
425524,3301,
417476,3113,
434432,3317,
448174,100,
439689,3309,
445631,599,
451015,3805,
443186,3606,
450713,0157,
439356,3125,
439412,3412,
436459,3115,
446619,3116,
417476,3119,
425459,3109,
450804,3605,
439356,3123,
421920,3603,
449028,3107,
421920,3601,
447455,3606,
434585,3113,
447020,3112,
432274,3125,
442082,3518,
449577,3304,
447020,3114,
421920,3605,
417476,3111,
419302,3116,
426636,3310,
448401,3103,
429985,3109,
452370,3103,
432674,3121,
439902,3302,
437608,3602,
446769,3807,
436680,3516,
451804,3417,
448667,3100,
437608,3606,
448314,3123,
448514,3301,
442933,3411,
442956,1003,
427587,3114,
426993,3610,
431645,3605,
446572,3111,
429633,3114,
433854,3303,
429766,3113,
440517,3602,
429879,3313,
438989,3105,
426977,60,
451016,3803,
438503,3125,
438806,3602,
445655,3803,
443145,3603,
449645,3122,
450835,3308,
438806,3605,
438806,3606,
432788,3308,
443145,3602,
436482,3310,
441748,1106,
441859,3503,
424826,3112,
429766,3108,
421719,3107,
450184,0157,
429633,3107,
421719,3105,
451920,3114,
429633,3105,
429878,3316,
448971,3100,
444488,3506,
433036,146,
451949,3309,
447107,1020,
435272,3423,
439560,3606,
429633,3103,
450182,3201,
433987,3316,
448600,3305,
451920,3110,
429879,3302,
433987,3317,
446685,3301,
452452,3606,
447599,3116,
451085,3124,
445458,3606,
449647,3119,
447684,3119,
451085,3121,
448070,3306,
436926,3316,
449647,3114,
443173,3314,
428435,3110,
450637,3110,
430210,3315,
427292,3803,
452199,3110,
430144,3125,
430211,3303,
422429,3122,
450637,3112,
444014,3419,
429878,3307,
430324,3521,
430324,3520,
450340,3816,
451901,3315,
451910,1047,
451921,3114,
451949,3317,
427318,3606,
416035,3316,
441846,3605,
436481,3306,
441988,3516,
451921,3116,
447688,3110,
425059,3116,
429445,1093,
436814,3101,
448863,3309,
449130,3807,
446508,68,
431325,3317,
450256,3804,
451920,3120,
431214,3101,
442741,3127,
450637,3128,
450900,3523,
449635,3201,
449976,3301,
438725,3107,
449558,3125,
436481,3302,
430699,1110,
432657,3305,
445223,3304,
432657,3306,
447885,3314,
449976,3308,
429974,1006,
430448,3603,
441741,3317,
444990,3715,
430448,3605,
452454,3605,
432543,3112,
430448,3606,
449096,3308,
444218,136,
427567,3307,
442968,3512,
421592,3409,
446355,3110,
446573,3111,
425939,3128,
437231,3801,
451922,3112,
420063,3201,
451172,3125,
442741,3114,
450943,3103,
450932,1034,
424550,3606,
449428,3108,
449428,3106,
423270,3103,
384612,3419,
441846,3602,
443087,3301,
448449,3100,
441503,3525,
447772,3100,
450923,3301,
450943,3101,
423020,3427,
423270,3100,
430699,1103,
448403,3523,
451923,3115,
452069,3129,
444586,3807,
450060,3122,
444388,3606,
433432,3124,
439460,3307,
440987,3303,
422289,3605,
450496,3603,
441082,2018,
450193,3124,
450476,3802,
452572,3309,
433432,3126,
448557,3318,
447028,3105,
449338,3125,
439593,3302,
436943,3117,
447028,3107,
442210,191,
431289,1077,
450843,1089,
444937,3424,
447597,3100,
451041,3110,
430140,3119,
447579,1101,
434527,3304,
431903,1085,
450718,0157,
449642,3116,
451372,3318,
432640,3411,
449841,3306,
450941,3130,
449841,3305,
004235,3123,
450843,1085,
451902,2005,
004218,3313,
428060,3307,
444020,3301,
448529,3605,
452342,3415,
004237,3120,
444321,3801,
433870,3119,
449094,3308,
434528,3315,
451487,3510,
428030,3602,
441190,3100,
434306,2024,
446159,3314,
450231,3602,
450043,3308,
420287,3600,
425059,3120,
452654,3807,
436810,3107,
439564,3603,
449644,3103,
447596,3101,
447596,3100,
427050,3606,
430255,3309,
430140,3128,
435745,3112,
425247,3427,
450707,3301,
450844,1081,
423270,3121,
441606,3407,
428523,3120,
425770,3405,
423363,3524,
432488,1049,
440170,3514,
449861,3116,
446654,3605,
444020,3313,
438282,3123,
424595,3201,
435714,3407,
452411,3606,
437348,183,
452524,3803,
444104,3807,
440458,2037,
436940,3130,
429319,1066,
429768,3112,
434009,1088,
444000,3510,
429727,3524,
421627,3120,
422158,3605,
450281,3115,
431776,3610,
48647,3603,
425627,162,
451593,3307,
447028,3129,
439481,3111,
445588,3605,
436940,3125,
450508,3129,
445485,3303,
436940,3123,
430361,3107,
447028,3125,
429476,45,
425698,3305,
432974,3603,
434411,3113,
449421,3125,
447879,3810,
451593,3301,
423167,3315,
449621,3304,
450509,3115,
438130,3315,
447416,3606,
449972,3304,
449092,3301,
428429,3200,
429954,3425,
438265,3301,
438152,3100,
434414,3100,
437910,3201,
448309,3600,
449062,3605,
433129,3116,
426731,3602,
451044,3120,
429747,3311,
438546,173,
426731,3603,
439681,3307,
448793,3126,
448993,3303,
450431,3803,
439681,3303,
447597,3115,
447597,3114,
439595,3314,
439566,3603,
449536,3316,
450728,3119,
427181,3605,
451108,3805,
447597,3110,
451024,3315,
434629,3605,
436563,65,
452157,3110,
450971,143,
435524,3120,
447597,3119,
449774,3116,
450509,3128,
450915,3425,
438566,3804,
434814,3112,
449481,3306,
450111,3507,
449980,159,
424969,3408,
437639,3810,
449196,3128,
427682,3413,
429105,3107,
444321,3316,
434814,3117,
435045,3120,
421269,3123,
441596,3811,
422411,3201,
449150,3108,
421469,3301,
452358,3306,
450213,3810,
451108,3823,
451045,3120,
446301,3123,
420125,3425,
424076,3523,
451159,3312,
437745,3605,
434179,3304,
433815,3303,
438724,3610,
450728,3129,
451479,0108,
427807,3114,
423731,3315,
447851,3119,
451045,3119,
431304,3110,
451327,3805,
433948,3301,
449728,3107,
449944,3125,
447767,3104,
447767,3105,
004238,4002,
445405,3606,
429017,3129,
448820,1069,
425152,3409,
447767,3100,
451927,3121,
450398,3305,
448150,3313,
449813,3122,
450235,3605,
429354,1084,
427807,3119,
446851,3301,
449927,3309,
451651,3606,
428238,3307,
449927,3308,
436212,3423,
449179,1122,
449813,3116,
451007,3507,
449927,3307,
433919,3604,
447257,49,
439319,3119,
445587,3125,
425188,3522,
447735,3413,
447649,3426,
451651,3601,
445587,3129,
444738,122,
449110,3514,
449150,3114,
451651,3603,
427540,3516,
445406,3606,
451300,3607,
430324,3125,
437445,3112,
450672,3606,
450672,3607,
427585,3512,
450000,3301,
424951,3124,
425079,3311,
450389,3403,
422687,3126,
418048,3318,
451398,3122,
451398,3121,
451131,3130,
440987,3203,
451398,3120,
448073,3201,
448963,3119,
451966,136,
426456,3707,
44475,3805,
449923,3316,
451131,3129,
436467,3524,
436488,3314,
449858,3115,
438993,3123,
446306,3103,
431305,3123,
451463,3311,
451928,3120,
443188,3115,
441844,3116,
422507,3602,
447634,3124,
442575,3806,
447634,3125,
434064,3107,
436259,3427,
430999,3404,
443179,3201,
436441,3301,
441607,3309,
436563,3412,
430846,3604,
438994,3119,
421455,3416,
424902,3605,
435262,3100,
430870,2014,
442718,3312,
447190,3104,
429348,3307,
448839,3515,
452112,3115,
445525,1110,
447190,3103,
447767,3123,
448963,3121,
440409,3308,
446614,3514,
449925,3312,
442804,3308,
450340,3424,
425931,3120,
450520,3803,
451049,3111,
438757,3310,
449303,49,
438748,3407,
445096,3602,
440084,3427,
447843,3201,
452112,3120,
438710,3307,
436694,3426,
445522,3317,
449196,3116,
436325,3605,
427492,3129,
441364,3510,
432745,3301,
449144,3606,
450571,3309,
427553,3418,
430358,3201,
449277,3606,
450069,3119,
450068,3128,
450454,0113,
451455,3423,
451466,3313,
441364,3519,
449619,3313,
429959,3803,
449459,599,
451267,3123,
450571,3305,
435156,3303,
428885,3409,
439066,3404,
446648,3604,
446648,3605,
446697,3115,
446782,3112,
447961,3305,
449836,3317,
450202,49,
433943,3312,
428762,3306,
423621,3128,
451485,3117,
447458,3125,
425185,3120,
450372,3121,
447306,3313,
432411,3128,
422517,3525,
445432,1110,
442450,3307,
436354,3309,
442420,3606,
449144,3602,
449286,3513,
436241,3106,
443804,3109,
450562,3408,
442809,3310,
430008,3201,
448506,3314,
452416,3605,
430951,3805,
448945,1104,
446511,5,
004231,170,
447439,3310,
435154,3313,
435154,3312,
446865,3603,
433811,3306,
438978,3303,
440072,3121,
430091,3602,
447845,3606,
447439,3307,
428762,3317,
439096,3113,
447458,3116,
451200,3317,
447439,3305,
451485,3127,
451467,3306,
426146,3303,
445432,3309,
450476,3422,
425185,3111,
424905,3601,
425185,3112,
425185,3113,
452200,3112,
432543,3125,
449095,1077,
448988,3307,
427541,3516,
448988,3306,
439827,3305,
432614,3303,
429105,3129,
452401,3309,
434941,3111,
436371,3119,
430983,3518,
452116,3129,
452513,3517,
438484,3807,
442809,3302,
451222,3112,
444149,3314,
450476,3427,
443794,3606,
450573,3302,
433951,3201,
435382,3201,
451117,3311,
444037,3107,
431537,3419,
429105,3124,
429105,3125,
433867,3201,
422414,1060,
421594,3318,
441849,3103,
449967,3317,
442466,3602,
412212,3301,
449988,3101,
450156,3123,
450110,3100,
449967,3314,
447404,3201,
422408,3306,
436673,3606,
447715,3602,
451894,3406,
437317,3112,
445452,3114,
437878,1010,
427573,1027,
437668,3115,
429710,3601,
431072,3602,
429105,3116,
443668,199,
447678,3120,
430983,3505,
434174,3308,
444463,1034,
451224,3103,
451422,3302,
433960,3127,
451139,3107,
451700,185,
451224,3104,
444037,3113,
446431,3121,
450762,3607,
429105,3112,
450469,3509,
451224,3100,
444102,3313,
451137,3121,
443919,3311,
448070,3201,
449836,3307,
450469,3510,
438968,3428,
428779,3606,
426356,3403,
428779,3605,
450109,3606,
449432,49,
445587,3103,
445103,3100,
423131,3603,
434011,3606,
425645,43,
422413,1084,
437516,3310,
432679,3119,
445587,3104,
422451,3203,
443445,3201,
447707,3310,
433240,2017,
441000,3201,
433698,3605,
426356,43,
429012,3103,
448924,3128,
421533,3110,
431035,3606,
431053,3426,
448924,3127,
447280,3127,
451794,3101,
438111,3122,
450469,3517,
405110,3305,
004276,3602,
423341,1081,
433397,3100,
438026,3123,
423341,1082,
452194,3606,
431871,113,
442388,3121,
447321,192,
446832,3106,
428058,3313,
442388,3114,
445196,3501,
442388,3116,
434660,3307,
439527,3606,
437983,3809,
449158,3100,
434660,3308,
449108,3606,
432023,3520,
427079,3309,
434575,3304,
429277,3100,
422545,3602,
451678,3422,
431053,3413,
452703,3806,
450431,3426,
451225,3114,
451652,1020,
441992,3803,
451206,3302,
442379,3201,
422595,3106,
425418,3422,
436204,3103,
436204,3101,
436204,3100,
451334,2019,
446083,3107,
451224,3116,
432063,3119,
450379,3105,
442403,3807,
429572,1008,
421700,3601,
448926,3123,
449376,3119,
421833,3605,
439224,3130,
999999,9999,
425060,3420,
447709,3315,
004278,3600,
424810,3600,
447928,3305,
444853,3308,
446832,3127,
448373,3314,
450898,3607,
451311,3112,
450640,3523,
450983,3602,
446832,3129,
448373,3312,
450983,3603,
446106,42,
448477,3602,
448373,3311,
427826,3301,
434676,3605,
440158,3603,
446832,3130,
422908,3119,
438084,3809,
446748,3121,
004193,3113,
450681,3122,
436201,3123,
445956,3408,
438995,3503,
450027,3127,
421670,444,
448819,3315,
448748,599,
438882,3307,
443565,3302,
437908,2015,
436940,3603,
445984,3125,
433488,3518,
435893,3414,
451579,3101,
445988,3103,
449374,3119,
451797,3100,
424203,3128,
429491,3122,
426816,3606,
451787,3203,
424203,3129,
451644,3302,
451643,3312,
441499,3505,
447385,3418,
420984,3603,
448394,3114,
449819,3126,
450653,3406,
427826,3307,
441203,3806,
450548,3606,
451416,3404,
421009,3114,
431910,3201,
429222,3,
430492,3605,
427826,3304,
427978,3121,
427711,3123,
448156,3313,
430492,3606,
444717,56,
428058,3302,
434574,3304,
427826,3311,
428058,3303,
432283,3116,
449639,143,
413277,3306,
451206,3318,
449154,3130,
447812,3115,
449126,3416,
449770,3510,
451227,3121,
451778,3301,
448079,3201,
451778,3305,
447756,1087,
450410,1005,
450331,3127,
450653,3419,
450675,3201,
450466,3115,
448969,0096,
449370,3124,
449598,3502,
449370,3123,
451665,3112,
449819,3103,
452073,3513,
449901,3125,
450521,3422,
449012,3201,
451797,3118,
451995,3317,
451862,3317,
449150,3129,
451665,3121,
451702,3602,
451534,3103,
004234,3600,
451702,3601,
004282,3121,
449721,143,
448152,3309,
450420,3114,
48148,3824,
447705,3305,
451636,3408,
447278,3602,
447278,3601,
449959,33X1,
450001,599,
004282,3110,
004283,3101,
450420,3116,
449856,599,
449984,164,
420126,3425,
446961,3116,
448171,3121,
004282,3119,
449133,3301,
451191,3412,
451208,3112,
448078,12,
452263,3606,
451208,3116,
452272,3512,
451778,3100,
452272,3514,
449763,3311,
450657,1003,
440465,3303,
450842,3513,
450700,3601,
449782,3128,
449300,3105,
450446,0082,
449534,3425,
449668,3418,
449763,3316,
448077,12,
450190,3402,
451977,3301,
004254,3413,
452074,3308,
450996,3307,
447916,3110,
447499,3301,
447147,3311,
449214,3125,
450427,3316,
447990,3604,
449301,3100,
451095,3309,
451976,3309,
451779,3116,
446008,3601,
451627,3306,
451778,3128,
450155,599,
004286,3124,
451181,3309,
450180,3517,
004286,3126,
451778,3129,
451095,3310,
449125,3130,
447255,3110,
447890,3305,
451701,3407,
451995,3128,
447389,3109,
451160,0002,
449411,3307,
449411,3306,
451723,3201,
448101,3100,
448232,3122,
451701,3425,
441794,3302,
004286,3116,
452161,3306,
448782,3313,
452161,3305,
449628,3803,
449781,3120,
449411,3311,
449478,3125,
450732,3314,
450173,3602,
451516,3103,
448263,1081,
452049,3605,
451516,3100,
448883,3600,
451628,3312,
417127,3420,
451094,2013,
450667,3124,
449124,3128,
451931,3309,
449562,3101,
448259,3312,
451629,3315,
441335,3117,
451866,3128,
004269,3305,
452370,3416,
444887,3116,
444887,3115,
451629,3314,
447295,3121,
448777,94,
449543,3301,
450753,3121,
451099,3301,
449229,3413,
431816,3313,
51982,3524,
449695,3119,
449676,3309,
449125,3127,
451287,3605,
449695,3116,
451516,3125,
447916,3101,
451801,3301,
452467,3803,
447916,3105,
450404,3114,
450536,3126,
442501,3428,
449472,3130,
448881,3606,
449340,3123,
450319,3113,
451723,1066,
447828,3122,
448125,3302,
451953,3128,
450707,3606,
450925,3604,
451185,3312,
451161,0045,
450819,3814,
450404,3129,
449868,190,
450707,3607,
450859,3418,
450755,3127,
449341,3124,
451417,1092,
450859,3413,
449475,3119,
449164,3602,
452253,3305,
449144,3806,
448611,3305,
421043,3114,
447896,3305,
447524,3512,
451187,3302,
428205,3100,
447678,3301,
450934,3521,
449960,3125,
450755,3130,
004247,3100,
451824,3103,
448691,12,
418048,3122,
451957,3105,
452299,3317,
448630,3120,
451606,3109,
418048,3129,
418048,3128,
451718,3311,
418048,3127,
452440,3606,
452440,3605,
447980,3302,
447980,3301,
448081,3313,
449961,3129,
450709,3602,
447562,3125,
448894,3114,
451824,3114,
451171,158,
451957,3110,
424285,3119,
440224,3125,
451957,3114,
450273,3513,
440678,3421,
451607,3105,
449721,3313,
450606,3316,
449647,3201,
449742,3100,
447868,3602,
447775,3201,
451250,0038,
004226,3314,
450803,3521,
449721,3318,
451910,3112,
449080,3103,
451918,3510,
448980,3119,
440224,3130,
451939,3304,
450273,3523,
450350,3602,
451606,3125,
451957,3123,
440224,3129,
004228,3306,
445587,3304,
446276,3126,
004202,3100,
004248,3124,
448455,3123,
451910,3123,
448984,3520,
451910,3128,
448436,3311,
450067,3411,
451910,3129,
451063,1084,
451918,3520,
451607,3125,
450979,3119,
447588,3313,
451379,3605,
449738,3602,
452455,3510,
452276,3105,
450001,3604,
450183,3119,
424285,3122,
436802,3312,
451164,3110,
451609,3112,
450875,54,
451808,3301,
004191,3600,
451380,3125,
449740,3111,
449721,3302,
451144,3304,
451164,3105,
451295,3123,
449721,3308,
450099,3112,
450099,3110,
449806,49,
451380,3129,
449740,3117,
448557,3414,
432218,3420,
448076,99,
448237,3100,
448235,3121,
450183,3121,
450183,3123,
448557,3419,
448302,1128,
451078,3130,
451078,3129,
450829,3309,
451383,3100,
449520,3103,
004249,3128,
449520,3104,
447771,1025,
449613,3507,
448075,99,
448841,3610,
452012,3108,
452012,3106,
448236,3123,
450053,3100,
447823,160,
450384,3302,
450487,3605,
452343,3309,
448103,3129,
448491,167,
451364,3305,
445470,3107,
451384,3100,
434623,3304,
452457,3501,
452279,3103,
447257,3128,
447257,3129,
450440,3606,
448552,49,
449739,3125,
450155,3424,
450488,3605,
446798,3117,
449956,3129,
451298,3128,
445653,3427,
446798,3122,
449938,3304,
449532,49,
450819,3424,
447777,3125,
451593,3201,
447995,3123,
447513,3109,
445624,3712,
449153,1015,
004206,3115,
004205,3121,
446798,3103,
441295,3427,
450167,3313,
446798,3104,
444523,3602,
450374,3421,
450374,3424,
449806,3308,
451441,3404,
443475,3408,
449606,3126,
450189,3100,
423987,3303,
443266,3315,
449077,3112,
447758,3303,
447776,3124,
449275,3310,
447879,3425,
449110,3605,
452016,3119,
449110,3606,
451916,3129,
444421,3308,
449956,3103,
451120,3111,
451157,1049,
447865,3119,
004209,3105,
447646,3121,
451586,3311,
447646,3123,
447546,1095,
425948,3307,
449822,3125,
450918,3314,
448978,3100,
447759,3317,
450326,136,
450067,33X1,
450918,3315,
448839,3606,
439940,3123,
452736,3806,
451237,3303,
451018,3315,
450311,3605,
451018,3311,
447338,3118,
451121,3128,
447338,3116,
436005,3401,
450389,3313,
451860,3601,
447649,3515,
447688,3128,
448756,3119,
450010,3115,
447649,3510,
439940,3119,
446991,3311,
449519,3110,
451321,3317,
449868,3124,
432993,3109,
450010,3122,
451673,3302,
432993,3105,
447641,3100,
447772,3121,
449792,51,
451673,3307,
448667,3126,
448401,3121,
450010,3124,
448401,3122,
447406,3312,
449999,3116,
446798,3100,
451389,3129,
447862,3100,
451673,3315,
447852,3203,
451892,3305,
447841,3312,
447995,3103,
449600,3119,
451891,3317,
451893,3311,
450561,3314,
450562,3302,
451259,3112,
422850,3129,
450561,3315,
422850,3128,
451127,3100,
449800,3303,
447641,3128,
450542,3510,
446359,3121,
451124,3129,
449792,78,
450563,1122,
449288,3600,
451542,3305,
447641,3123,
449472,3119,
447738,3124,
448937,3119,
447738,3126,
450542,3514,
450430,3304,
451325,3312,
450884,3607,
448310,3600,
450366,3100,
451420,3203,
447793,3803,
449168,3125,
451695,3117,
447824,3100,
449860,3605,
450441,3203,
450366,3105,
435774,3419,
448474,3303,
444229,3120,
444229,3122,
447770,188,
449577,3408,
449472,3121,
451524,3507,
447273,3301,
449102,3316,
452429,3402,
449543,3719,
451679,3305,
451215,3105,
451431,3123,
450585,3105,
451129,3117,
004271,3314,
451346,3122,
451129,3115,
452194,3502,
452193,3513,
449168,3100,
450367,3115,
447295,3117,
447295,3115,
441048,3310,
449203,3606,
450216,1112,
447910,3119,
451951,3606,
446398,3600,
447825,3111,
449640,3606,
448054,3125,
448471,3313,
450621,3605,
450972,3606,
450621,3602,
450972,3607,
451348,3116,
448187,3123,
448054,3127,
450621,3607,
004271,3306,
450367,3122,
450434,3301,
004283,0165,
447824,3115,
449574,3410,
447848,3310,
447848,3312,
451528,3504,
447936,1103,
446601,3314,
450320,3114,
448496,3516,
450434,3307,
004244,3605,
451434,3112,
451106,2033,
45154,3804,
450889,3603,
447072,3104,
449279,3302,
449012,3313,
449012,3312,
448849,3119,
447866,3120,
447601,3111,
450642,3415,
004272,3314,
448004,3606,
451552,1095,
450369,3122,
450436,3301,
450624,3603,
446753,3121,
451632,3315,
447601,3106,
450369,3121,
448912,3307,
451898,2005,
451787,3114,
448978,3126,
446291,3313,
451787,3116,
449959,3125,
450842,3603,
451218,3116,
004130,3428,
450719,175,
449911,3112,
450788,1128,
450778,3404,
446756,3122,
449079,3103,
447937,1106,
449077,3125,
447395,3402,
449598,3606,
449079,3107,
451787,3121,
450180,3604,
452063,3517,
439082,3310,
451789,3100,
452063,3515,
449079,3110,
449079,3112,
450180,3606,
447601,3124,
447936,1106,
447849,3307,
449466,3606,
447136,3800,
448795,3311,
448348,3425,
451632,3114,
448312,3304,
451413,3123,
452082,3114,
439593,3107,
447928,3121,
439593,3105,
450611,3520,
414606,3125,
449613,3601,
436934,3406,
447133,3103,
451632,3121,
451413,3130,
451548,3114,
451965,3302,
451500,3115,
451802,3605,
447596,3302,
447132,3100,
447377,3312,
439593,3114,
449777,3304,
450434,3126,
449228,3106,
449228,3105,
447453,3407,
451850,3115,
449577,3129,
447596,3301,
449757,3507,
448025,3125,
448025,3124,
448025,3123,
003934,3116,
452150,3306,
450434,3129,
450985,3306,
452085,3107,
447985,3801,
439593,3125,
003934,3109,
439593,3123,
450787,3115,
452082,3123,
451986,3116,
452470,3604,
451636,3100,
451636,3101,
447133,3112,
451085,3302,
447133,3113,
447794,3523,
450741,3100,
447133,3110,
447217,3600,
004220,3425,
450990,1097,
451140,3607,
451851,3127,
447266,3119,
451085,3308,
004250,3120,
451140,3606,
447597,3311,
449795,3103,
450218,3122,
449649,3719,
449775,3305,
448156,3122,
447839,3125,
448243,3100,
450161,3607,
448156,3120,
448573,3317,
448964,49,
448156,3125,
449837,136,
452085,3129,
451181,3201,
449355,3112,
451171,3308,
449782,3201,
451171,3304,
434694,3124,
434694,3126,
451171,3302,
447707,3100,
451921,3302,
447707,3103,
452199,3306,
448025,3112,
448242,3128,
452199,3307,
451638,3101,
448242,3125,
451638,3103,
444748,3304,
417563,3315,
450637,3317,
448792,3318,
449355,3128,
447392,3121,
448257,3420,
452257,3602,
450070,3203,
451958,3421,
451058,3605,
451544,117,
451670,189,
449353,3114,
449116,3304,
449353,3119,
448819,3114,
449684,3313,
448156,3110,
448156,3118,
448156,3116,
451959,3421,
450193,3313,
436520,3114,
450943,3307,
449305,3605,
447459,3806,
450517,1023,
451287,3507,
004257,3111,
450280,3303,
450250,3606,
445909,3306,
450943,3309,
449359,103,
449406,3100,
450391,3521,
447577,3105,
450508,3308,
451175,3302,
451540,178,
451672,189,
449536,3123,
449536,3124,
449536,3125,
428306,3305,
449973,3116,
447642,3303,
449093,3100,
449593,3802,
448861,3115,
450383,0105,
447641,3304,
448093,3314,
451175,3316,
450508,3316,
451758,1090,
447640,3310,
451261,3307,
450508,3312,
450508,3313,
451508,3122,
448089,3801,
448772,3128,
450187,3405,
451946,3100,
445891,3406,
44782,3605,
451196,3115,
449446,4002,
449649,3304,
447727,3805,
447832,3602,
447530,3115,
448972,3313,
450083,3125,
449288,3806,
452221,3513,
451906,3515,
449663,100,
451158,0002,
449591,3806,
451906,3513,
450253,3602,
450083,3129,
451727,3125,
448242,158,
451251,3424,
451130,3301,
449887,3111,
448195,3603,
451197,3111,
447577,3119,
451263,3306,
436370,3310,
445587,3423,
448116,3127,
448667,3302,
448116,3121,
448459,3203,
452111,3312,
450083,3130,
450262,3523,
445542,3803,
447249,3314,
449799,3116,
451046,3307,
449448,3117,
416518,3122,
447893,3418,
446791,3308,
449799,3119,
451064,3129,
450878,4001,
450691,3605,
448449,3315,
449286,3804,
446893,3600,
431247,3417,
451398,3311,
452432,3606,
448886,3306,
449533,3124,
449067,76,
447873,3603,
449317,3101,
447249,3301,
447249,3302,
447489,0055,
449533,3120,
449799,3124,
449533,3122,
447249,3309,
447249,3307,
451132,3308,
451817,3107,
448426,3514,
448748,3801,
452217,3603,
448239,3201,
448114,3122,
448426,3510,
422713,3119,
448426,3517,
448550,3124,
449511,3310,
449862,3312,
447575,3100,
451398,3312,
449862,3318,
449740,3203,
449511,3315,
449862,3313,
438145,3408,
449842,3516,
451351,3306,
452310,3514,
438393,3119,
448418,3602,
451590,3105,
449779,3303,
451590,3107,
451285,3124,
451485,3303,
449769,3402,
451285,3123,
449532,3115,
451351,3317,
450581,3408,
446894,3129,
448099,3201,
451904,3101,
448040,3313,
450391,3125,
004292,3602,
448040,3315,
449968,3125,
447439,3116,
447967,3524,
449581,3406,
449969,3130,
452200,3308,
449836,3129,
448496,3606,
449836,3125,
451289,3107,
447439,3104,
448194,3119,
451476,3412,
450923,3125,
450707,3107,
399295,3316,
449391,3121,
450707,3105,
450044,3107,
450044,3105,
448097,3201,
450374,3312,
449967,3122,
446962,3316,
451289,3120,
446830,3304,
451905,3116,
445982,3309,
428363,3111,
450213,3600,
451289,3116,
443266,3421,
451593,3107,
450423,139,
448988,3119,
451905,3122,
448040,3301,
444784,3312,
449949,3308,
451223,1128,
448040,3304,
448040,3303,
450347,3602,
448714,3201,
450707,3125,
451593,3112,
452222,3110,
450707,3123,
447993,1099,
449086,3125,
451593,3115,
449370,3311,
438152,42,
451441,3309,
450906,3314,
449150,3308,
451214,3412,
451585,1034,
450377,3304,
450377,3306,
414219,3105,
450481,3117,
414789,3101,
449832,3117,
449832,3116,
451244,3105,
447548,3314,
450377,3310,
449832,3113,
447787,3100,
446106,3100,
447634,3301,
445455,3304,
445587,3314,
449016,3807,
449150,3318,
451463,3112,
451159,3127,
451463,3111,
448189,3605,
450483,3103,
447566,3125,
449967,3105,
450120,1052,
448769,3111,
449196,3306,
451598,3101,
446106,3114,
449582,3802,
450476,0157,
451378,3125,
450132,3115,
448964,3309,
450898,3806,
450398,3121,
448166,3804,
447418,3303,
451463,3113,
451595,3125,
448547,3120,
447787,3127,
447804,3803,
447160,3602,
451797,3301,
448632,3120,
451682,3121,
451028,3128,
450661,3521,
446798,3201,
004081,3119,
447432,4003,
451330,3127,
449528,3114,
451330,3125,
451796,3304,
450000,3121,
451598,3107,
447787,3115,
451871,3405,
449944,3318,
452358,3120,
449385,3600,
452358,3123,
451598,3120,
449350,3129,
447704,3100,
448154,3100,
451598,3122,
449350,3128,
451684,3112,
445522,3130,
447817,3304,
448049,3306,
451313,3313,
451313,3312,
448152,3121,
451229,3301,
448154,3104,
451313,3308,
004081,3123,
449225,3521,
450685,3302,
004081,3120,
451464,3125,
452625,3512,
449475,3201,
451598,3119,
447087,3113,
447087,3112,
398132,3411,
451448,3305,
004281,3301,
451448,3303,
004231,3801,
004281,3302,
450333,3318,
451229,3311,
450478,3201,
448372,3119,
446505,3103,
450447,3514,
449521,3602,
451750,3307,
451201,41,
449927,3125,
450136,3117,
451249,3128,
451249,3129,
446942,3114,
444998,3428,
444998,3427,
448348,3801,
451448,3311,
451400,3308,
450573,3112,
452390,3606,
447561,3602,
450468,3313,
450573,3110,
450136,3127,
451685,3116,
449585,3416,
435463,3114,
450004,3119,
447495,3407,
450202,3316,
004293,3201,
450441,3107,
450574,3110,
450356,3112,
449927,3129,
450225,0065,
448676,160,
451525,3410,
447865,1084,
451773,3112,
451773,3111,
448946,3105,
004286,3301,
447747,3114,
448926,3304,
451536,3306,
004286,3302,
452401,3129,
450222,3127,
004199,3318,
446084,3308,
448481,1126,
446084,3307,
448282,3118,
451772,3115,
447747,3105,
449158,3302,
451657,3419,
438993,3301,
449043,3123,
449043,3125,
449459,3807,
451941,3606,
452353,143,
003060,3108,
451766,1010,
451206,3100,
451536,3311,
448946,3119,
451600,3521,
448917,3407,
451536,3317,
451403,3311,
451403,3310,
421114,3127,
450909,104,
004057,3414,
445624,3407,
451754,3307,
448917,3411,
448946,3121,
447745,3119,
448728,3120,
449043,3107,
451537,3313,
447918,3604,
450642,3306,
448194,3124,
451206,3119,
448194,3125,
448194,3122,
452052,3515,
450577,3110,
450642,3314,
449043,3100,
445302,3126,
448924,3310,
447086,3106,
451868,3521,
451776,3115,
451687,4005,
451879,3418,
421113,3122,
449916,3201,
421113,3120,
450811,3804,
449924,3123,
451424,3124,
442013,3125,
446832,3316,
446893,599,
450994,3307,
449923,3129,
446766,3130,
450577,3121,
450223,4001,
450359,3125,
450747,3605,
448926,3302,
435615,3409,
443704,3604,
451855,3420,
451837,3602,
451753,3111,
451516,3305,
448996,3606,
450981,3203,
452162,3523,
452088,3416,
448760,3303,
451401,3121,
448760,3301,
450971,3312,
449303,3313,
449303,3312,
451855,3418,
449303,3317,
004241,1122,
451866,3309,
447586,0027,
447257,3318,
451088,3607,
450336,3120,
448259,3114,
451848,3502,
449181,3600,
451755,3100,
451878,3203,
451536,3116,
451705,3606,
451888,3107,
446047,3428,
452087,3416,
448675,3315,
440224,3305,
451620,3116,
435614,3410,
451404,3110,
451613,3201,
451848,3515,
451603,3303,
449520,3309,
451602,3314,
451536,3127,
447756,191,
431790,3301,
448341,3112,
448389,3116,
450888,3311,
450811,3604,
449017,3124,
449320,3120,
449017,3126,
450755,3314,
447581,3126,
449520,3301,
434546,3416,
450174,153,
451822,3304,
451537,3129,
429704,3421,
451536,3130,
450992,3127,
448426,3606,
447248,3415,
450925,3805,
449520,3311,
450634,1024,
451603,3309,
449891,3117,
450857,92,
451889,3129,
452188,3301,
451976,3105,
448035,3121,
448149,3311,
448442,3415,
448102,3308,
451537,3130,
451961,1070,
450996,3105,
447916,3318,
449348,3308,
447337,3806,
450925,599,
450190,3201,
382258,3116,
447423,94,
004017,3420,
451738,3314,
447916,3312,
451957,3302,
451719,3506,
451842,3123,
451842,3127,
452460,3606,
004300,3605,
450095,3308,
451738,3311,
451759,3100,
447708,0187,
449537,3602,
004246,3308,
450814,3604,
449017,3117,
004246,3305,
004246,3304,
451025,3807,
434546,3405,
450096,3304,
451627,3107,
452161,3114,
449032,18,
450996,3119,
451845,3100,
450996,3127,
445798,122,
449005,3201,
450427,3129,
448917,3107,
450408,3310,
451293,3316,
450968,148,
451293,3314,
451397,3605,
451846,3104,
451627,3117,
447937,3123,
451816,3408,
451618,3201,
451607,3312,
447255,3301,
445484,3601,
450979,3303,
449214,3302,
449233,3112,
449663,0142,
449232,3125,
449214,3305,
004266,3127,
449232,3124,
449432,3301,
451181,3116,
449432,3305,
446561,3104,
446256,3128,
451627,3129,
451714,3105,
451714,3107,
444296,0082,
451313,143,
451627,3122,
449279,175,
004229,3507,
449822,3418,
452123,3502,
452161,3122,
448873,3111,
451627,3130,
449986,3120,
450295,3520,
449988,3100,
451828,3302,
447301,3313,
447890,3115,
447453,3122,
447890,3114,
449986,3116,
447236,3112,
449833,3310,
447890,3116,
447236,3110,
448190,3312,
447871,3308,
450280,12,
451058,3512,
444827,3122,
447889,3604,
448329,3317,
448994,3203,
451714,3126,
450001,3814,
452476,3517,
451914,3307,
438608,3310,
451934,3101,
451533,143,
450042,3406,
450155,3604,
451714,3124,
451913,1134,
450071,3115,
451714,3123,
447512,3415,
449841,3201,
450848,3317,
449898,3117,
449764,3125,
450848,3315,
446429,3600,
450716,3303,
450053,3305,
449385,3802,
452031,3115,
452240,3203,
450071,3122,
452078,3123,
449508,3520,
447939,135,
448985,3305,
449984,3113,
449508,3517,
449984,3112,
450604,3107,
450604,3105,
434073,3303,
450517,3125,
4441U1,3426,
450054,3302,
451718,3100,
447147,3130,
451718,3101,
450460,3602,
440092,3310,
449411,3125,
450187,3310,
440092,3312,
441508,3425,
449411,3126,
450790,3824,
448329,3301,
448214,3122,
452299,3115,
451056,3100,
449309,1133,
452430,3507,
451792,3605,
449763,3129,
450505,1089,
448128,3105,
004227,3113,
450274,3308,
452102,3302,
452433,3502,
451718,3121,
451917,3312,
451188,3121,
448259,3129,
448782,3103,
451386,3318,
451386,3317,
451188,3117,
451386,3315,
447453,3110,
447840,3606,
447367,3121,
447319,3601,
447234,3120,
451253,3311,
451389,3302,
451929,1025,
450596,3600,
448213,3117,
447234,3114,
447433,3302,
449458,3123,
451387,3318,
451274,3115,
450606,3128,
449458,3121,
450606,3129,
451691,3308,
447459,3522,
451358,3603,
451387,3312,
451007,3605,
447432,3318,
447584,3128,
447649,3803,
449676,3129,
447432,3314,
449125,3719,
450142,3318,
449022,3419,
450691,3515,
448269,3806,
451887,175,
447507,3409,
451142,3115,
451235,3517,
451494,3101,
449933,3114,
450164,3100,
448716,3312,
448924,3410,
447373,81,
449440,3603,
446837,3803,
449716,3122,
449800,3130,
451939,3125,
451669,189,
448004,3804,
448054,3304,
448054,3308,
447403,3104,
451682,3410,
452359,3414,
449167,3301,
447885,3126,
452427,3605,
447843,3100,
452427,3606,
451259,3302,
450297,3116,
450297,3117,
451248,3410,
448732,3129,
448070,3116,
451343,3308,
447811,3418,
449978,3128,
451210,3304,
451124,3317,
003118,3109,
451310,0123,
449079,3303,
449079,3307,
449079,3306,
451343,3309,
434849,3115,
448600,3123,
448600,3124,
449840,599,
450079,3126,
439082,3117,
451979,136,
451011,3130,
439082,3119,
451350,1071,
450374,3203,
450914,3119,
451343,3317,
450165,3121,
451314,3603,
451343,3313,
449979,3127,
450914,3112,
450914,3110,
449277,3514,
449096,3116,
449491,3524,
449096,3119,
447783,1092,
448863,3129,
448863,3128,
449627,3107,
449758,3129,
449845,3105,
449824,3317,
449845,3107,
451002,1048,
447646,3301,
448607,3512,
450914,3120,
449910,3307,
452248,1063,
447967,3603,
449910,3306,
450211,185,
448713,3302,
448514,3112,
448607,3516,
450469,3605,
449959,3311,
451129,3305,
450469,3607,
450469,3606,
450366,3309,
439082,3130,
447882,3119,
449712,3112,
451441,3201,
448514,3121,
450036,3100,
449094,3116,
448757,3314,
449094,3118,
447137,599,
450640,3601,
450101,3303,
450213,3516,
450640,3605,
447885,3119,
449841,3123,
004194,3425,
447401,3114,
451422,3406,
450338,3602,
450213,3521,
449093,3123,
449131,3605,
449094,3125,
452346,3116,
449131,3606,
451630,3520,
447708,187,
450320,3302,
450585,1138,
451327,3524,
451452,3121,
449976,3120,
451368,3112,
451018,3103,
004157,3806,
449975,3128,
449739,3309,
450368,3310,
449606,3302,
450246,3201,
450389,3103,
451452,3116,
451368,3109,
451101,3117,
451102,3105,
450389,3104,
448514,3100,
449975,3129,
450023,1071,
448209,3121,
451018,3110,
447270,3105,
451546,3524,
448079,3128,
448012,3314,
451455,3103,
451453,3122,
448883,3801,
451455,3101,
451018,3112,
446820,3107,
451018,3111,
446820,3105,
444421,3130,
450358,3422,
450255,3125,
451452,3124,
450389,3115,
451699,3317,
447184,3112,
451982,3517,
451982,3515,
445536,3120,
447817,3411,
452602,3606,
447184,3107,
451787,3304,
437205,3601,
448886,49,
450389,3117,
448535,47,
451018,3128,
451104,3114,
448212,3501,
451414,3520,
448232,3302,
450389,3121,
450255,3130,
450257,3115,
451982,3524,
451871,3304,
445909,49,
449565,1107,
447098,3114,
445536,3119,
451891,3121,
451456,3116,
450673,3316,
450444,3425,
450104,3318,
448398,3423,
451304,3301,
450058,99,
451104,3117,
447801,3119,
451787,3309,
451788,3314,
451862,3420,
451456,3125,
446837,3426,
451239,3113,
450202,3201,
450458,3303,
449012,3100,
450127,3107,
449125,3304,
451673,3125,
447099,3128,
447487,3605,
449257,3314,
448819,3203,
447250,3311,
451753,1010,
451646,3412,
447804,3510,
451542,3122,
451324,3123,
448057,3307,
440287,3110,
451239,3124,
450697,3101,
448557,143,
445767,3413,
451896,3101,
449880,3603,
448047,3415,
448020,3201,
450430,3115,
448597,3606,
450344,3130,
450430,3122,
450129,3109,
447738,3305,
449470,3316,
447830,1091,
451895,3121,
449719,3103,
449719,3104,
448272,3313,
450658,3507,
450430,3128,
448054,3315,
450430,3129,
448005,3804,
446047,3811,
450658,3510,
450992,3201,
450545,1133,
450516,3605,
450535,3415,
449481,3201,
449582,3520,
451527,3302,
451764,3112,
451527,3304,
448937,3307,
451679,3116,
447350,3605,
451632,3103,
445303,1077,
451632,3104,
451878,3306,
445090,3106,
445090,3108,
448026,3605,
444887,3301,
004232,3507,
450118,1052,
452208,1070,
449772,3811,
451981,3116,
451743,3316,
449593,3425,
451895,3129,
